404814,4
404818,4
40481c,1,404818
404820,1
404824,5,40481c
404828,4
40482c,4
404830,1,40482c
404834,1,404830,40481c
404838,1,404830
40483c,5,404838
404840,4
404844,1,404840
404848,1,404844
40484c,1
404850,5,40484c
404854,1
404858,1
40485c,1,404854
404860,3
404768,1,404858
40476c,4
404770,4,404858
404774,1,404770
404778,1,404858
40477c,5,404778,404774
404780,4,404858
404784,4,404858
404788,1,404784
40478c,1,404788,404774
404790,1,404774
404794,5,404778,404790
404798,4,404858
40479c,4,404794,404858
4047a0,1,40479c
4047a4,1,4047a0,404790
4047a8,1,4047a0
4047ac,5,404778,4047a8
4047b0,4,404858
4047b4,1
4047b8,1,4047b4,4047a8
4047bc,1,4047b4
4047c0,5,404778,4047bc
4047c4,4,404858
4047c8,1,4047c4
4047cc,1,4047c8
4047d0,1
4047d4,5,404778,4047d0
4047d8,1,404858
4047dc,4,4047d8
